acousticness,danceability,energy,instrumentalness,tempo,valence
0.356,0.586,0.918,0.00153,0.37924517118980045,0.31
0.88,0.324,0.428,1.27e-05,0.7840552127442394,0.243
0.0175,0.81,0.731,0.000141,0.5898161989871517,0.622
0.0116,0.562,0.85,0.0,0.4702171235898822,0.41
0.162,0.725,0.68,2.13e-06,0.4315668855244354,0.76
0.00146,0.593,0.749,6.89e-05,0.6687696329906684,0.285
0.166,0.814,0.717,6.5e-05,0.5312382695967706,0.444
0.924,0.517,0.206,0.0,0.17118980039381226,0.489
0.355,0.694,0.778,0.0,0.6297045090846829,0.636
0.0171,0.85,0.58,1.41e-06,0.2542789218236538,0.321
0.24,0.52,0.807,0.00257,0.8140060191374326,0.628
0.0098,0.602,0.923,0.0,0.5374022877990635,0.765
0.843,0.565,0.257,3.03e-06,0.14545370730133222,0.111
0.172,0.7,0.46,0.0,0.16922073902363538,0.62
0.731,0.504,0.444,0.805,0.6060560161739623,0.337
0.0872,0.516,0.529,0.00186,0.5303887414470955,0.159
0.597,0.414,0.551,0.0,0.5754927592542592,0.299
0.901,0.502,0.194,6.26e-06,0.5147679602763272,0.217
0.0314,0.599,0.87,0.0,0.17479864865754796,0.611
0.0299,0.658,0.633,0.0,0.2548321029443724,0.758
0.00324,0.662,0.928,0.0,0.23775592858695155,0.775
0.115,0.339,0.949,3.1e-06,0.1786248180758517,0.533
0.000443,0.682,0.814,0.000449,0.2215292823792057,0.681
0.00776,0.614,0.543,3.28e-05,0.8167060698457019,0.485
0.615,0.568,0.666,0.0,0.49234436841862644,0.411
0.524,0.849,0.531,0.0,0.24709415274384428,0.77
0.0737,0.388,0.739,1.24e-06,0.13056391546865637,0.462
0.285,0.761,0.668,1.85e-06,0.18861500569644846,0.455
4.11e-05,0.372,0.667,0.109,0.8132750297993402,0.151
0.0467,0.618,0.823,0.0,0.5629144742474431,0.468
0.022,0.684,0.825,0.0,0.20161476203333578,0.646
0.54,0.846,0.829,2.39e-06,0.28362386317986954,0.895
0.0505,0.479,0.671,0.0,0.22938577139131638,0.278
0.0213,0.798,0.568,0.0,0.6221575380805932,0.45
0.29,0.628,0.481,0.0,0.3579542835316663,0.33
0.109,0.748,0.623,0.0,0.3334826044294003,0.21
0.0102,0.833,0.434,0.0219,0.6299415867078481,0.281
0.813,0.582,0.289,0.000436,0.08614478857285854,0.189
0.0013,0.939,0.548,0.0,0.5241917957971405,0.0631
0.24,0.622,0.721,7.88e-05,0.7836008139665063,0.968
0.0874,0.895,0.656,0.0,0.46510019822323495,0.352
0.605,0.669,0.389,0.16,0.4979222780525389,0.649
0.0895,0.584,0.54,0.0,0.5503230182615625,0.195
0.0225,0.677,0.812,1.94e-05,0.41883713425837515,0.28
0.011,0.701,0.75,0.000199,0.38898511020816734,0.568
0.706,0.786,0.772,0.0,0.442057570349492,0.968
0.483,0.578,0.58,0.00232,0.6023220436091117,0.249
0.00476,0.57,0.797,0.00833,0.6290459601314463,0.212
0.66,0.8,0.297,0.000111,0.564014250999348,0.213
0.695,0.358,0.557,0.0,0.20175964280304784,0.494
0.00128,0.923,0.557,0.0,0.5571521709066243,0.344
0.000755,0.741,0.79,0.0,0.8651555163353067,0.806
0.682,0.671,0.428,0.0002,0.6166323123629395,0.36
0.344,0.638,0.47,0.193,0.8258994132328827,0.442
0.0276,0.544,0.586,0.0,0.6287561985920224,0.361
0.0155,0.665,0.771,9.6e-06,0.36575150313798577,0.764
0.142,0.705,0.505,0.0,0.6956713577303769,0.391
0.572,0.416,0.773,0.0,0.44942014764667537,0.716
0.207,0.752,0.606,1.26e-06,0.254318434760848,0.409
0.0187,0.808,0.471,0.000144,0.589875468392943,0.451
0.0552,0.786,0.583,1.84e-06,0.43212665213468643,0.229
0.0285,0.573,0.739,0.0,0.2810621077517797,0.451
0.0211,0.668,0.703,0.0,0.12898998347042126,0.563
0.406,0.772,0.814,0.0,0.2540352587109563,0.554
0.303,0.945,0.394,0.0,0.432350558778787,0.743
0.106,0.681,0.701,0.0,0.563362287535644,0.398
0.685,0.396,0.45,0.00958,0.2964392258098506,0.384
0.028,0.501,0.648,1.26e-05,0.7206369485475703,0.191
0.339,0.668,0.702,0.0,0.3534366377124644,0.732
0.0496,0.693,0.813,0.0,0.23445659833123694,0.515
0.0935,0.819,0.913,3.72e-05,0.4318961600010537,0.536
0.246,0.452,0.574,0.0,0.2527840156998071,0.58
0.331,0.889,0.393,8.67e-06,0.48508057346442846,0.304
0.0107,0.674,0.664,0.0,0.656132078578061,0.451
0.0794,0.457,0.644,1.1e-06,0.7759418896403665,0.381
0.363,0.531,0.549,0.0,0.7729718338612701,0.681
0.051,0.886,0.629,7.66e-06,0.6822303735948212,0.487
0.047,0.595,0.723,0.0286,0.35322590204742876,0.272
0.507,0.498,0.564,0.00149,0.442689777344599,0.235
0.0633,0.801,0.808,1.26e-06,0.47813288200778414,0.858
0.342,0.774,0.825,0.0,0.3990411527240878,0.965
0.0992,0.681,0.774,0.0,0.3195147811312555,0.267
0.109,0.501,0.519,0.0,0.5240995989436875,0.168
0.142,0.794,0.632,0.0,0.6027040020019887,0.355
0.0736,0.608,0.798,0.0,0.25378501010872645,0.501
0.414,0.748,0.524,0.0,0.2673972169721237,0.661
0.156,0.652,0.795,0.0,0.530869482182958,0.788
0.0951,0.812,0.648,0.0,0.4979683764792655,0.246
0.345,0.764,0.475,0.0,0.497652272981712,0.34
0.317,0.652,0.549,0.0,0.4324493411217723,0.186
0.0052,0.789,0.801,0.273,0.6558620735072341,0.281
0.235,0.522,0.428,2.35e-06,0.4966973769995193,0.399
0.146,0.603,0.562,0.0,0.3005090583408518,0.244
0.172,0.647,0.673,0.0,0.8269069931313344,0.527
0.196,0.727,0.514,0.0,0.5314555907513385,0.235
0.236,0.886,0.525,0.0,0.6031254733320602,0.708
0.104,0.686,0.529,0.0,0.5245539977214206,0.395
0.361,0.625,0.524,2.67e-06,0.5634676553681617,0.191
0.00287,0.686,0.623,0.00145,0.5648045097432317,0.176
0.00837,0.746,0.543,0.0,0.629454260482453,0.42
0.281,0.457,0.477,0.000822,0.5956509427128265,0.627
0.0355,0.58,0.685,3.42e-05,0.4712708019150605,0.331
0.0415,0.324,0.852,0.0,0.4443559061962871,0.4
0.0358,0.704,0.777,0.0,0.3787644304539379,0.392
0.0298,0.563,0.414,0.0,0.9163247700017781,0.446
0.00617,0.682,0.552,0.0,0.45824470362004366,0.39
0.101,0.744,0.598,0.00174,0.40567274068317877,0.479
0.00458,0.961,0.841,0.0,0.44507372455531485,0.692
0.0919,0.81,0.546,0.0,0.1422334029200061,0.514
0.17,0.862,0.763,0.0,0.30024563875955723,0.893
0.0367,0.398,0.904,0.0,0.20015278335715092,0.571
0.038,0.677,0.855,0.0,0.13539107929587949,0.483
0.00431,0.684,0.869,0.0,0.24117379765424868,0.485
0.0265,0.729,0.672,0.0,0.6947493891958458,0.595
0.294,0.771,0.647,0.0,0.6684798714512442,0.678
0.00163,0.676,0.432,3.93e-06,0.602328629098644,0.12
0.0369,0.835,0.571,4.44e-05,0.38016055423479905,0.0818
0.069,0.843,0.359,0.0,0.18163438679214217,0.156
0.251,0.79,0.56,0.0,0.5243564330354497,0.27
0.979,0.676,0.0812,0.416,0.4652450789929469,0.314
0.00703,0.575,0.765,0.0,0.2873314937865907,0.407
0.0771,0.736,0.691,0.0,0.29995587722013317,0.18
0.0267,0.833,0.431,0.0,0.5237571534880044,0.224
0.000803,0.689,0.712,0.000601,0.30028515169675146,0.0379
0.0255,0.787,0.635,0.0,0.4979156925630067,0.238
0.00933,0.651,0.866,0.0,0.3920934612674433,0.801
0.0129,0.871,0.498,0.000452,0.5043892287733209,0.223
0.0542,0.779,0.455,0.0,0.5648703646385554,0.197
0.338,0.63,0.608,0.000288,0.29991636428293894,0.406
0.000131,0.885,0.477,0.000664,0.49833716389307803,0.691
0.00941,0.842,0.587,0.000337,0.5967112065275372,0.135
0.337,0.722,0.331,0.283,0.5898491264348135,0.102
0.11,0.671,0.314,0.0,0.37202747466232905,0.296
0.00849,0.776,0.624,0.00208,0.32651515650415874,0.354
0.23,0.888,0.815,0.000424,0.47986486575479587,0.961
0.0242,0.817,0.677,0.0,0.7090135595229471,0.565
0.0322,0.734,0.635,0.0,0.2804364862462051,0.931
0.00682,0.527,0.617,0.000353,0.6951906169945143,0.145
0.000377,0.828,0.55,0.0016,0.695493549513003,0.25
0.0806,0.799,0.779,0.878,0.4849620346528459,0.353
0.00257,0.896,0.623,0.000258,0.5305006947691456,0.585
0.277,0.587,0.796,0.0,0.18175292560372475,0.68
0.00348,0.858,0.665,0.0,0.6033954784028871,0.237
0.469,0.666,0.588,0.00587,0.2883259027059777,0.945
0.0563,0.852,0.553,0.0,0.5773235253442565,0.656
0.228,0.676,0.843,0.000718,0.40662763666537155,0.597
0.0487,0.363,0.745,0.0,0.788006506463658,0.481
0.0292,0.685,0.731,0.0,0.5982192836304487,0.266
0.323,0.685,0.61,0.0,0.26327470052486357,0.323
0.394,0.472,0.811,0.0,0.17547036858984916,0.636
0.247,0.853,0.981,0.468,0.4200686208009273,0.595
0.389,0.672,0.386,0.0,0.2349439245566319,0.529
0.0415,0.684,0.622,0.0,0.26088416782461527,0.596
0.892,0.48,0.127,0.0,0.8428307068205916,0.324
0.119,0.689,0.521,8.41e-05,0.2676935640010801,0.178
0.0276,0.519,0.512,8.78e-05,0.5544323637297579,0.441
0.000152,0.467,0.988,0.0484,0.5006881836561321,0.321
0.213,0.341,0.539,6.44e-05,0.7912992512298401,0.267
0.0358,0.959,0.598,0.0,0.4782580063088989,0.408
0.105,0.626,0.583,0.0,0.4843627551054009,0.335
0.29,0.732,0.484,0.0,0.4312046836001555,0.308
0.00354,0.594,0.46,2.71e-05,0.6049957523592516,0.0541
0.0435,0.713,0.802,0.00377,0.3002653952281543,0.343
0.615,0.6,0.412,0.0025,0.3861928626464449,0.408
0.0752,0.725,0.534,0.0,0.2474036707518654,0.558
0.131,0.371,0.329,0.00625,0.7853525541821151,0.0539
0.184,0.66,0.592,1.86e-05,0.20851635506325367,0.256
0.401,0.543,0.407,0.000113,0.5296379956404058,0.327
0.675,0.693,0.426,1.03e-05,0.595262398830417,0.477
0.595,0.772,0.745,0.87,0.40571883910990525,0.166
0.723,0.587,0.497,0.782,0.5964214449881132,0.401
0.915,0.468,0.201,8.28e-05,0.26352494912709334,0.383
0.889,0.638,0.308,0.000853,0.185190551139619,0.466
0.00224,0.487,0.724,1.03e-05,0.3136273534893217,0.546
0.0142,0.316,0.769,0.0,0.44847842264354726,0.127
0.814,0.628,0.248,0.0602,0.46685852392837623,0.646
0.974,0.552,0.15,0.731,0.2178414082410816,0.316
0.336,0.547,0.49,0.00174,0.17055759339870535,0.365
0.456,0.548,0.653,0.0,0.6299810996450422,0.163
0.858,0.829,0.521,0.0,0.33987711476532617,0.367
0.928,0.39,0.129,0.0023,0.32027211242747733,0.175
0.819,0.297,0.402,0.000181,0.5506325362695836,0.177
0.594,0.861,0.647,0.661,0.682460865728454,0.67
0.206,0.611,0.755,0.0,0.6950391507352699,0.429
0.183,0.878,0.525,0.0,0.37942956489670665,0.694
0.551,0.672,0.739,0.046,0.30028515169675146,0.685
0.286,0.672,0.735,0.0,0.4039210004675698,0.754
0.637,0.617,0.483,0.763,0.2342722046243308,0.177
0.058,0.71,0.72,0.0103,0.5110010602638148,0.513
0.843,0.55,0.271,3.21e-06,0.37496460299376355,0.198
0.547,0.706,0.483,1.94e-06,0.24758806445877155,0.663
0.792,0.424,0.356,0.0,0.467596098756001,0.0738
0.693,0.64,0.321,0.0307,0.5969021857239757,0.177
0.752,0.689,0.403,1.89e-05,0.4619194067791029,0.124
0.047,0.666,0.693,0.0,0.6952037879735791,0.132
0.862,0.389,0.302,0.00567,0.4646062865083077,0.234
0.664,0.682,0.251,1.06e-05,0.1688190241621611,0.419
0.098,0.463,0.852,0.00153,0.17605647715822959,0.273
0.118,0.579,0.267,0.000562,0.13495643698674342,0.353
0.852,0.406,0.188,0.0,0.4369538159619096,0.629
0.464,0.784,0.435,5.27e-06,0.2346212355695461,0.865
0.264,0.921,0.586,0.0,0.2741934421695237,0.657
0.389,0.607,0.609,1.6e-05,0.13526595499476454,0.556
0.229,0.781,0.548,0.0,0.3463308945070432,0.175
0.00359,0.758,0.49,6.61e-06,0.5644423078189518,0.335
0.222,0.747,0.606,0.0,0.6628229359429434,0.2
0.604,0.504,0.655,0.00193,0.3001402709270394,0.262
0.00252,0.842,0.597,0.0,0.6031386443111248,0.298
0.000582,0.64,0.769,0.0,0.49818569763383364,0.512
0.0897,0.569,0.564,0.0,0.5162233534629798,0.254
0.0175,0.669,0.574,0.00294,0.43205421174983044,0.273
0.274,0.682,0.476,0.862,0.8667689612707361,0.0523
0.0765,0.664,0.583,0.0,0.6961455129767072,0.24
0.0544,0.803,0.64,4.77e-05,0.5109022779208292,0.038
0.017,0.619,0.735,1.78e-06,0.4318698180429243,0.668
0.00619,0.75,0.548,0.0,0.6959413628012039,0.377
0.0456,0.755,0.575,0.00124,0.20797634492159975,0.49
0.779,0.587,0.299,0.0,0.2672786781605411,0.356
0.0376,0.782,0.741,3.84e-06,0.16893756297374365,0.517
0.258,0.74,0.613,0.00372,0.1357730376887566,0.473
0.313,0.639,0.894,4.3e-06,0.40568591166224344,0.39
0.292,0.706,0.906,0.0,0.6951774460154495,0.884
0.913,0.391,0.595,0.00557,0.25929706484731546,0.379
0.00791,0.539,0.695,0.000228,0.3206343143517573,0.139
0.64,0.664,0.667,1.22e-06,0.8275194436578442,0.381
0.765,0.572,0.209,0.0,0.16900341786906733,0.446
0.0117,0.73,0.465,0.0,0.6165467009990188,0.367
0.211,0.772,0.482,0.0,0.247686846801757,0.441
0.648,0.45,0.658,3.14e-06,0.3450335530691675,0.781
0.843,0.485,0.603,0.00285,0.24096306198921297,0.696
0.0112,0.557,0.797,0.00136,0.6689342702289776,0.26
0.161,0.388,0.836,0.0,0.1442156352692478,0.353
0.3,0.484,0.716,0.00214,0.8543026295859703,0.365
0.877,0.24,0.116,0.00092,0.1510908863410362,0.0937
0.157,0.278,0.494,0.000407,0.7590105960526576,0.527
0.0304,0.579,0.578,0.000229,0.15921079493444143,0.356
0.00241,0.622,0.58,2.95e-05,0.3293008185763489,0.512
0.282,0.556,0.481,0.0,0.623112434062786,0.581
0.108,0.342,0.719,0.0,0.1458422511837418,0.4
0.0822,0.791,0.377,0.00221,0.5499015469314911,0.758
0.601,0.484,0.444,0.0,0.5913901309853868,0.226
0.0328,0.487,0.445,0.0104,0.2807064913170321,0.18
0.766,0.526,0.458,0.000335,0.14860815678733477,0.501
0.342,0.703,0.594,0.0,0.6548742500773796,0.475
0.15,0.772,0.639,0.0,0.7488096727670251,0.261
0.105,0.688,0.658,1.89e-06,0.1396716474919163,0.28
0.0891,0.586,0.909,0.000109,0.2567550658878228,0.757
0.00772,0.802,0.833,0.0,0.7347035541887006,0.132
0.246,0.691,0.538,0.163,0.3000744160317157,0.329
0.195,0.851,0.625,0.0,0.29407503506773186,0.668
0.782,0.567,0.388,0.000309,0.40801058946716806,0.452
0.0863,0.663,0.675,0.00133,0.30687064122911584,0.176
0.494,0.506,0.275,0.00377,0.6543539964043228,0.0639
0.111,0.42,0.676,0.0,0.1828131894184354,0.689
0.73,0.661,0.407,0.0,0.15789369702796863,0.277
0.0948,0.729,0.603,0.0,0.5305665496644694,0.207
0.749,0.834,0.375,0.0201,0.40578469400522893,0.334
0.0361,0.772,0.413,0.0,0.5107639826406496,0.211
0.135,0.526,0.803,0.0,0.6814730422985993,0.564
0.607,0.598,0.56,0.0432,0.3991070076194115,0.221
0.971,0.304,0.229,0.408,0.16932610685615315,0.155
0.0453,0.865,0.665,0.0,0.3734433549117874,0.331
0.919,0.409,0.188,1.2e-06,0.45737541900177153,0.215
0.0559,0.756,0.85,0.000809,0.3002917371862837,0.415
0.784,0.444,0.0924,0.0,0.3589816198987152,0.219
0.189,0.739,0.448,0.0,0.17542427016312256,0.553
0.281,0.457,0.477,0.000822,0.5956509427128265,0.627
0.16,0.381,0.502,6.98e-05,0.5919959960223644,0.147
0.792,0.541,0.456,0.00092,0.6823159849587418,0.362
0.888,0.244,0.261,0.596,0.0,0.0442
0.107,0.731,0.65,0.0,0.6622499983536275,0.605
0.875,0.468,0.517,0.00705,0.09799866973111451,0.425
0.0164,0.912,0.412,0.013,0.6623487806966131,0.422
0.00893,0.365,0.875,0.0,0.2917503572628071,0.655
0.938,0.297,0.0682,3.04e-05,0.16653385929443068,0.235
0.339,0.448,0.658,2.43e-06,0.6952564718898379,0.562
0.18,0.906,0.382,0.0,0.32676540510638863,0.391
0.76,0.567,0.483,0.079,0.7086776995567966,0.144
0.734,0.802,0.45,0.544,0.5638232718029094,0.305
0.013,0.734,0.683,0.0,0.708809409347444,0.445
0.115,0.456,0.75,1.69e-05,0.16867414339244913,0.564
0.979,0.323,0.242,0.00675,0.17190103326330766,0.261
0.841,0.398,0.154,0.157,0.7848783989357849,0.155
0.42,0.466,0.548,1.01e-06,0.23318559885149062,0.423
0.955,0.565,0.413,0.134,0.5798391823456197,0.314
0.55,0.622,0.348,0.00313,0.6697311144623936,0.648
0.0563,0.874,0.699,0.0,0.1520984662394879,0.665
0.505,0.48,0.418,0.00416,0.5136550125453575,0.319
0.0243,0.81,0.754,0.0,0.6169615868395578,0.68
0.899,0.634,0.341,0.0309,0.3661466325099276,0.158
0.908,0.649,0.424,0.000559,0.4328642269623112,0.292
0.00632,0.736,0.756,0.00577,0.4123174996213344,0.712
0.109,0.858,0.332,0.0653,0.563744245928521,0.48
0.0578,0.906,0.596,0.0,0.5902705977648849,0.701
0.658,0.45,0.674,4.29e-06,0.3460872313943458,0.72
0.00152,0.741,0.809,0.268,0.36613346153086296,0.532
0.953,0.413,0.21,0.00524,0.37611047817239496,0.278
0.382,0.809,0.843,0.00446,0.5833492482663698,0.961
0.182,0.491,0.583,0.0,0.6333001863693538,0.907
0.768,0.453,0.362,0.0148,0.530415083405225,0.181
0.13,0.617,0.642,0.157,0.3390144156365864,0.221
0.629,0.594,0.481,0.0126,0.5962172948126099,0.0671
0.872,0.411,0.285,0.000354,0.11678048587741768,0.213
0.943,0.606,0.264,5.63e-05,0.26746965735697964,0.319
0.889,0.489,0.396,0.00713,0.5250281529677508,0.523
0.804,0.37,0.408,0.0279,0.4653438613359325,0.164
0.162,0.413,0.521,0.0,0.32259020474286965,0.532
0.321,0.654,0.64,0.039,0.14304341813248686,0.822
0.837,0.404,0.542,7.21e-05,0.3606214067922739,0.183
0.022,0.592,0.729,0.0,0.4058242069424231,0.709
0.0187,0.338,0.803,0.0,0.6426647524843759,0.4
0.313,0.711,0.292,0.0,0.3262780788809936,0.194
0.0941,0.485,0.619,3.31e-06,0.5506193652905188,0.416
0.727,0.56,0.442,1.71e-05,0.606141627537883,0.212
0.595,0.686,0.457,0.0,0.6358092578811846,0.718
0.365,0.479,0.545,0.0,0.13494326600767872,0.244
0.173,0.63,0.698,0.0,0.26089733880368,0.529
0.269,0.64,0.743,0.0,0.44537007158427117,0.361
0.872,0.657,0.291,0.0,0.32642295965070567,0.298
0.448,0.599,0.785,0.00336,0.5639813235516862,0.52
0.633,0.675,0.479,1.76e-05,0.18170682717699826,0.454
0.451,0.364,0.607,0.0,0.1684634077274134,0.598
0.453,0.668,0.26,0.0,0.42812267449900887,0.368
0.218,0.552,0.742,0.0,0.5543994362820961,0.751
0.197,0.692,0.633,0.0,0.476828955080376,0.965
0.715,0.779,0.796,0.0,0.43848164953341806,0.963
0.623,0.525,0.131,0.000145,0.057063266797937426,0.616
0.177,0.742,0.863,5.59e-06,0.5056997411902614,0.776
0.0215,0.523,0.687,2.86e-06,0.23464099203814318,0.711
0.256,0.677,0.833,0.000158,0.24096964747874536,0.631
0.0994,0.44,0.514,0.0,0.2552667452535085,0.219
0.684,0.4,0.431,0.0,0.9407898636145119,0.562
0.0452,0.416,0.775,0.0,0.4980210603955245,0.527
0.212,0.576,0.609,0.162,0.654920348504106,0.435
0.179,0.808,0.535,9.91e-05,0.3926598133672267,0.848
0.316,0.741,0.613,0.0316,0.3992453028995911,0.271
0.00632,0.736,0.756,0.00577,0.4123174996213344,0.712
0.875,0.582,0.272,0.0,0.997306534781263,0.354
0.0683,0.658,0.623,0.0,0.3031300831747329,0.207
0.337,0.667,0.747,0.0,0.21410085018669867,0.918
0.0533,0.878,0.619,0.0,0.5376064379745669,0.639
0.225,0.83,0.585,0.00209,0.3333838220864148,0.642
0.0108,0.657,0.695,0.0,0.07633240916963564,0.683
0.431,0.484,0.731,0.0,0.3111512094251526,0.51
0.486,0.715,0.678,0.000192,0.26581011399482385,0.947
0.149,0.55,0.918,1.7e-05,0.27376538534992007,0.35
0.492,0.639,0.543,1.29e-05,0.2883061462373806,0.937
0.331,0.598,0.904,0.0,0.5511066915159138,0.503
0.133,0.619,0.556,0.0,0.2962416611238797,0.566
0.0664,0.743,0.685,6.75e-05,0.36603467918787747,0.443
0.386,0.49,0.715,0.0,0.5026045611100501,0.866
0.662,0.523,0.552,1.1e-05,0.6679266903305258,0.855
0.0472,0.563,0.865,0.000191,0.6708308912142983,0.601
0.191,0.687,0.792,0.0,0.3003575920816074,0.671
0.147,0.73,0.758,0.0,0.4322386054567366,0.877
0.0441,0.73,0.681,0.000245,0.3398837002548584,0.446
0.29,0.478,0.678,0.0,0.6391876140112875,0.892
0.0084,0.466,0.706,0.00163,0.3069035686767776,0.149
0.12,0.698,0.774,2.26e-06,0.5188773057445225,0.731
0.00962,0.338,0.887,0.011,1.0,0.399
0.00399,0.696,0.853,0.0,0.25400233126329447,0.685
0.284,0.778,0.824,0.0,0.3004168614873987,0.756
0.0189,0.591,0.889,0.0,0.5838760874289591,0.65
0.191,0.756,0.77,0.0,0.43171176629414754,0.73
0.00989,0.563,0.912,3.9e-06,0.31987698305553547,0.939
0.15,0.762,0.661,0.0,0.49788276511534474,0.769
0.207,0.709,0.824,0.000307,0.4241582098005255,0.867
0.182,0.496,0.586,0.0,0.622170709059658,0.899
0.000891,0.481,0.94,0.0,0.27716349794862,0.66
0.382,0.539,0.884,0.00166,0.3056062272389018,0.752
0.183,0.578,0.817,3.06e-06,0.5743534695651602,0.726
0.443,0.849,0.483,0.000141,0.3069430816139718,0.282
0.265,0.636,0.677,0.0,0.5551633530678503,0.837
0.413,0.466,0.615,0.0,0.3530480938300549,0.812
0.0611,0.675,0.394,0.0,0.3331006460365231,0.405
0.2,0.681,0.314,9.82e-06,0.5636257071169385,0.166
0.194,0.729,0.625,0.00986,0.6034152348714841,0.261
0.0531,0.763,0.628,0.0,0.5699872900052025,0.193
0.00947,0.487,0.789,4.05e-06,0.6295793847835679,0.0564
0.041,0.878,0.432,0.0,0.21435768427846089,0.441
0.0217,0.748,0.842,4.24e-06,0.42553457711278964,0.945
0.239,0.936,0.523,0.0,0.43123761104781727,0.699
0.263,0.899,0.592,0.0,0.6292237683488202,0.504
0.0609,0.85,0.569,0.0816,0.16868072888198143,0.294
0.023,0.89,0.504,0.0,0.49761934553405024,0.222
0.00899,0.866,0.647,0.0,0.6299152447497184,0.0801
0.0215,0.604,0.732,0.0,0.43160639846162957,0.619
0.183,0.652,0.678,3.26e-05,0.12237815197992748,0.28
0.0934,0.567,0.913,0.000124,0.2564653043483987,0.792
0.0108,0.877,0.435,1.88e-06,0.28714051459015205,0.589
0.0196,0.741,0.798,0.0,0.471389340726643,0.739
0.0679,0.901,0.529,0.0,0.5962172948126099,0.343
0.259,0.763,0.726,0.0,0.5574814453832425,0.349
0.00266,0.766,0.606,0.0,0.6968567458462026,0.352
0.000813,0.645,0.705,0.0,0.5447977925439088,0.376
0.0762,0.735,0.677,2.17e-05,0.30410473562552276,0.188
0.193,0.685,0.508,0.0,0.29408820604679653,0.315
0.0293,0.726,0.769,0.0101,0.2869890483309077,0.733
0.128,0.758,0.646,0.0,0.6687498765220714,0.589
0.00647,0.695,0.818,4.87e-06,0.43173810825227693,0.916
0.0309,0.758,0.448,8.67e-05,0.14995159665193716,0.373
0.00119,0.818,0.651,0.0,0.6032901105703692,0.156
0.0149,0.712,0.829,0.0,0.7872755171255655,0.593
0.00104,0.922,0.581,5.86e-05,0.5638232718029094,0.595
0.00485,0.872,0.814,1.96e-06,0.2935745378632721,0.57
0.119,0.793,0.522,0.0,0.6095792530737772,0.453
0.00513,0.834,0.73,0.0,0.6625134179349222,0.446
0.11,0.809,0.685,0.00363,0.49788276511534474,0.827
0.36,0.744,0.589,0.0,0.4784028870786111,0.242
0.0732,0.899,0.751,0.0,0.563869370229636,0.636
0.565,0.895,0.698,0.0,0.30024563875955723,0.325
0.0083,0.815,0.824,0.0,0.432172750561413,0.29
0.346,0.849,0.755,0.0,0.5912452502156749,0.393
0.0306,0.909,0.405,0.00698,0.6623553661861455,0.455
0.0039,0.759,0.479,5.3e-06,0.5642644996015779,0.347
0.0443,0.755,0.575,0.00127,0.2080224433483263,0.493
0.00296,0.881,0.546,4.72e-06,0.5638891266982332,0.276
0.0966,0.875,0.878,0.0,0.30053540029898124,0.381
0.373,0.835,0.413,0.00133,0.6229741387826063,0.111
0.0938,0.749,0.747,1.17e-05,0.35994310137044044,0.475
0.0151,0.884,0.346,7.04e-06,0.13572693926203008,0.376
0.00191,0.718,0.679,0.0104,0.6820196379297855,0.205
0.0113,0.791,0.581,0.0,0.7150787953822548,0.438
5.63e-05,0.579,0.865,0.000221,0.3331204025051202,0.358
0.469,0.576,0.451,0.0389,0.23729494431968598,0.803
0.36,0.671,0.74,0.0,0.21419963252968413,0.908
0.15,0.424,0.875,0.0,0.7484540563322775,0.44
0.141,0.678,0.588,6.35e-06,0.8666438369696211,0.486
